##BLOCKS= 1          
Plate:	Plate#1	1.3	PlateFormat	Well Scan	Absorbance	Raw	FALSE	9	Fill	3				1	600	1	12	96	1	8	None	
	Temperature(¡C)	1	2	3	4	5	6	7	8	9	10	11	12		
0:00	23.00	1.1106	1.1134	1.1211	1.1964	1.0438	1.091	1.1876	1.0151	1.2658	1.1996	1.32	1.5043		
		1.2551	1.2016	1.0727	1.2688	1.1853	1.2032	1.1619	1.2325	1.0729	1.1959	1.2263	1.2119		
		1.1442	1.1462	1.3529	1.082	1.1677	1.2509	1.187	1.1832	1.1665	1.0994	1.152	1.217		
		1.0813	1.2133	1.243	1.1957	0.8874	1.0859	1.0788	1.3033	1.2565	1.1203	1.2827	1.1629		
		1.2522	1.2496	1.3328	1.1033	1.2045	1.1403	1.2738	1.0568	1.1433	1.2005	1.279	1.2907		
		1.3276	1.2619	1.3133	1.1913	1.1985	0.9972	1.3015	1.318	1.2751	1.4039	1.2683	1.3227		
		1.2669	1.3248	1.2674	1.1746	1.0836	1.3783	1.3172	1.3303	1.4838	1.3059	1.325	1.3309		
		1.2109	1.1846	1.1734	1.3509	0.9701	1.2842	1.4115	1.7009	1.2023	1.417	1.7079	1.3468		
		
0:20	23.10	0.7553	0.5668	0.5755	0.5649	0.7453	0.5165	0.7668	0.4848	0.9369	0.6569	0.9645	1.0762		
		0.5858	0.5452	0.5158	0.5765	0.6097	0.6024	0.5495	0.7612	0.648	0.583	0.8287	0.8894		
		0.7737	0.5268	0.7504	0.3822	0.6746	0.6547	0.587	0.5919	0.5147	0.5353	0.7148	0.7416		
		0.8443	0.3975	0.4879	0.5113	0.4127	0.5189	0.4564	0.5374	0.7753	0.48	0.9127	0.6938		
		0.737	0.4037	0.5629	0.4434	0.6816	0.4212	0.6968	0.3473	0.6644	0.6106	0.9046	0.8813		
		0.8441	0.4805	0.4586	0.5348	0.8291	0.4027	0.655	0.5887	0.6731	0.775	1.039	0.9838		
		0.8378	0.5667	0.674	0.675	0.6708	0.5891	0.9139	0.793	0.8759	0.98	1.0609	1.1563		
		1.2187	0.9268	0.7679	0.9186	0.7667	0.9499	1.6995	1.9116	1.3993	1.358	1.6625	1.2823		
		
0:40	23.10	0.7791	0.464	0.4424	0.5037	0.6885	0.5168	0.5721	0.2968	0.8308	0.478	0.5954	0.6592		
		0.3554	0.4901	0.531	0.5181	0.5262	0.5552	0.4948	0.5073	0.5137	0.4457	0.6	0.7888		
		0.4849	0.4116	0.5628	0.2704	0.364	0.5705	0.5109	0.5481	0.4636	0.5164	0.5284	0.6293		
		0.9853	0.4959	0.3669	0.394	0.4302	0.4008	0.4147	0.3964	0.5954	0.5958	0.6666	0.509		
		0.55	0.392	0.3568	0.3475	0.4779	0.3232	0.4811	0.373	0.4141	0.5868	0.7582	0.6681		
		0.7806	0.3826	0.3426	0.4825	0.5136	0.3594	0.4907	0.4385	0.4784	0.5145	0.719	0.8234		
		0.9243	0.4635	0.4674	0.453	0.4409	0.3898	0.6893	0.6708	0.708	1.0177	0.7931	0.8798		
		1.0991	0.8157	0.7186	0.5659	1.2025	0.9577	1.6439	1.1035	1.289	1.1711	1.5374	1.1348		
		
1:00	23.20	1.2251	1.0618	1.1004	1.0332	1.2311	1.1444	1.216	1.1516	1.2987	1.2548	1.296	1.5497		
		1.261	1.1329	0.9562	1.1498	1.1613	1.0341	1.0098	1.2432	1.0317	1.0538	1.1199	1.1892		
		1.2716	1.0534	1.2031	1.0586	1.0634	1.0612	0.9852	1.1003	1.0512	0.9407	1.0726	1.2871		
		0.848	1.0491	0.9789	1.118	0.6495	0.9769	0.9073	1.1783	1.1322	1.0175	1.2741	1.2142		
		1.2828	1.0747	1.1471	1.0901	1.1161	1.0419	1.1006	0.9311	1.1436	1.0593	1.2833	1.2677		
		1.2765	1.0435	0.9867	1.059	1.2253	0.7978	1.0519	1.0839	1.1056	1.2853	1.2244	1.2309		
		1.2974	1.2676	1.1307	1.0851	1.0053	1.3184	1.2477	1.171	1.3614	1.0703	1.3356	1.3956		
		1.1098	1.1297	1.0541	1.1632	0.893	1.0579	1.2109	1.8014	1.1677	1.3757	1.3258	1.2174		
		
1:20	23.20	0.8397	0.4948	0.6581	0.5222	0.7775	0.6622	0.6155	0.5816	0.8027	0.4675	0.7463	1.0168		
		0.578	0.5241	0.5005	0.4777	0.6066	0.6149	0.4597	0.6352	0.6822	0.5031	0.6077	0.8496		
		0.5585	0.5692	0.6476	0.3094	0.3968	0.4756	0.5279	0.5481	0.6657	0.4947	0.5481	0.709		
		0.6398	0.3583	0.34	0.445	0.3664	0.4068	0.3689	0.5133	0.6119	0.5144	0.6521	0.6264		
		0.4756	0.3819	0.3838	0.4366	0.4314	0.4411	0.4413	0.3762	0.4175	0.5856	0.6634	0.7411		
		0.5837	0.3299	0.3683	0.3669	0.4995	0.3902	0.4039	0.4346	0.4559	0.6081	0.7017	0.8446		
		0.5575	0.5163	0.4047	0.3749	0.3214	0.5232	0.7221	0.469	0.6602	0.4148	0.7171	0.8744		
		0.8547	0.4675	0.451	0.5357	0.5958	0.3424	0.8344	1.4611	0.8178	1.1163	0.9773	0.9665		
		
1:40	23.20	0.8808	0.4352	0.5482	0.4969	0.6213	0.4746	0.4561	0.7777	0.6861	0.5176	0.5438	0.8608		
		0.3497	0.6566	0.5538	0.4636	0.5522	0.5724	0.4737	0.4132	0.5709	0.4466	0.5495	0.8131		
		0.5137	0.4093	0.4443	0.2633	0.3187	0.5223	0.5539	0.5656	0.7474	0.5029	0.4745	0.6325		
		0.8908	0.6232	0.3218	0.3481	0.3305	0.4223	0.3556	0.4073	0.6049	0.5776	0.5588	0.4191		
		0.5183	0.4535	0.2964	0.3571	0.3663	0.3621	0.4027	0.3503	0.2632	0.598	0.6118	0.6664		
		0.5006	0.2883	0.3011	0.3798	0.4101	0.3436	0.3429	0.3713	0.454	0.4874	0.5562	0.8217		
		0.8288	0.4201	0.3124	0.3327	0.3003	0.4182	0.6045	0.608	0.5355	0.4999	0.5703	0.8108		
		0.944	0.3523	0.392	0.4937	0.7461	0.5031	0.5921	0.3575	0.7188	0.9136	0.8081	1.0013		
		
2:00	23.30	1.3169	1.0806	1.1133	1.0894	1.2016	1.0932	1.0886	1.3568	1.221	1.3878	1.3295	1.5434		
		1.3891	1.1613	1.1643	1.2082	1.2343	1.101	1.1557	1.3592	1.2339	1.2159	1.1931	1.3432		
		1.2804	1.3574	1.3266	1.1013	1.1543	1.1799	1.2074	1.3053	1.4467	1.1089	1.2228	1.2874		
		1.0932	1.2629	1.2636	1.1819	0.9835	1.2685	1.2679	1.2061	1.1969	1.2196	1.2773	1.1888		
		1.3088	1.3238	1.345	1.1612	1.2193	1.1937	1.1183	1.1512	1.2367	1.3013	1.2917	1.2582		
		1.3372	1.2624	1.2305	1.2039	1.2164	1.0792	1.1786	1.1461	1.2756	1.2954	1.2907	1.2067		
		1.3959	1.4188	1.3374	1.1642	1.1197	1.3875	1.3344	1.2771	1.4359	1.2842	1.3788	1.285		
		1.0096	1.0969	1.1379	1.1245	1.0266	1.0023	1.0563	1.7742	1.1338	1.7111	1.2104	1.2524		
		
2:20	23.30	1.1594	0.6903	1.0152	0.9049	1.0084	0.9952	0.8767	1.5426	1.0203	1.0014	0.9443	1.2716		
		0.8509	0.8057	0.7433	0.6901	0.9772	0.9118	0.7463	1.0579	0.9815	0.7642	0.7986	1.1357		
		0.8344	0.862	0.78	0.7676	0.5678	0.7521	0.6727	0.8917	1.1023	0.7471	0.6602	0.9222		
		0.8285	0.9037	0.5768	0.8027	0.4527	0.7647	0.4516	0.9345	0.7344	0.6858	0.9824	0.9451		
		0.6871	0.8338	0.6078	0.7797	0.6671	0.614	0.5356	0.6175	0.5133	0.7825	0.7996	1.099		
		0.7856	0.7051	0.5152	0.8008	0.6877	0.5317	0.5209	0.6536	0.67	0.826	0.7916	0.999		
		0.9089	0.7343	0.5953	0.5516	0.5446	0.7906	0.7528	0.6973	0.8109	0.7225	0.8267	0.821		
		0.9503	0.5908	0.6708	1.0003	0.7393	0.6355	0.8962	1.9065	0.8513	1.6639	0.9656	1.1423		
		
2:40	23.40	1.0426	0.5512	0.7676	0.7587	0.7817	0.7262	0.7191	1.5039	0.9359	0.7269	0.5982	1.1683		
		0.765	0.7291	0.7022	0.5873	0.8219	0.7961	0.5897	0.6691	0.7093	0.633	0.6127	0.966		
		0.5725	0.9734	0.4679	0.5448	0.4174	0.5597	0.6548	0.7338	0.9103	0.6709	0.5528	0.7351		
		0.8384	1.0567	0.4497	0.5564	0.3351	0.6771	0.46	0.6693	0.6924	0.7313	0.6537	0.6323		
		0.6698	0.9663	0.4338	0.5738	0.4469	0.4428	0.3934	0.5982	0.3309	0.6389	0.6633	0.8482		
		0.5447	0.6822	0.3349	0.5785	0.4595	0.4533	0.3615	0.5264	0.6022	0.6219	0.5203	0.8855		
		0.8336	0.555	0.4494	0.4108	0.4516	0.6027	0.5414	0.7204	0.6451	0.7094	0.6475	0.7228		
		0.9522	0.4072	0.4877	0.6781	0.652	0.6125	0.6897	0.7157	0.6589	1.0803	0.6929	1.1254		
		
~End
