##BLOCKS= 1          
Plate:	Plate#1	1.3	PlateFormat	Well Scan	Absorbance	Raw	FALSE	9	Fill	3				1	600	1	12	96	1	8	None	
	Temperature(¡C)	1	2	3	4	5	6	7	8	9	10	11	12		
0:00	24.40	0.5041	1.0021	0.4571	0.4845	0.4121	0.4708	0.4533	0.5543	0.383	0.512	0.5104	0.6147		
		0.5236	0.3531	0.4283	0.5331	0.4463	0.4558	0.3889	0.4462	0.5531	0.4542	0.4092	0.4753		
		0.4445	0.4741	0.4404	0.5232	0.4071	0.349	0.3948	0.4308	0.5752	0.4996	0.5526	0.5373		
		0.6747	0.3973	0.5619	0.4382	0.6298	0.3226	0.4782	0.4115	0.815	0.4833	0.6968	0.4734		
		0.8829	0.4949	0.6176	0.4288	0.6524	0.5381	0.6998	0.6162	0.3276	0.6295	0.6566	0.6061		
		0.9695	0.4596	0.6452	0.2951	0.6139	0.649	0.7159	0.717	0.8988	0.7369	0.8411	0.6253		
		1.001	0.4905	0.5707	1.2405	0.7831	0.3708	0.7426	0.7513	0.8803	0.8677	0.9688	1.0697		
		0.9665	0.4866	0.66	0.8323	0.492	0.5554	0.9765	0.8121	0.652	0.7585	0.6175	1.2376		
		
0:20	24.40	0.8758	0.7533	0.3064	0.3508	0.3055	0.2683	0.2945	0.477	0.3056	0.3674	0.3415	0.6066		
		0.8029	0.2815	0.2924	0.3268	0.3583	0.281	0.2544	0.2802	0.2805	0.2983	0.3125	0.2835		
		0.6164	0.3274	0.4822	0.5119	0.3615	0.2888	0.2724	0.2942	0.3036	0.3013	0.3412	0.3488		
		0.9699	0.3047	0.4378	0.4729	0.4152	0.2592	0.3031	0.3436	0.4132	0.3494	0.4732	0.3991		
		0.6465	0.4922	0.4489	0.3063	0.5087	0.2959	0.494	0.554	0.4255	0.509	0.402	0.405		
		0.906	0.3984	0.4371	0.2964	0.5515	0.4058	0.5415	0.518	0.5533	0.5427	0.6742	0.4072		
		0.9278	0.3866	0.4503	0.7039	0.6037	0.2776	0.5159	0.649	0.6385	0.7273	0.7726	0.8246		
		0.8286	0.5084	0.4858	0.5227	0.3706	0.5094	0.4626	0.6407	0.6308	0.5291	0.5104	1.1096		
		
0:40	24.50	1.1069	0.8688	0.425	0.5706	0.5073	0.4762	0.4687	0.668	0.5893	0.5435	0.4601	0.6118		
		1.1987	0.4728	0.5032	0.677	0.7076	0.3732	0.3934	0.4587	0.4656	0.4246	0.3699	0.5233		
		1.1539	0.5243	0.7086	0.5772	0.5015	0.4015	0.4553	0.4886	0.4743	0.4449	0.4845	0.8856		
		1.265	0.5424	0.5736	0.6776	0.6671	0.4527	0.5246	0.5373	0.6074	0.5203	0.6679	0.7278		
		1.0076	0.7278	0.6499	0.6205	0.7507	0.522	0.6922	0.7368	1.055	0.6175	0.598	0.669		
		1.3019	0.5947	0.652	0.3203	0.8858	0.4418	0.7312	0.6412	0.7928	0.7586	0.8239	0.705		
		1.0273	0.6199	0.8844	0.5834	0.7032	0.4556	0.5559	0.9046	0.7685	0.8126	0.9187	1.0711		
		1.8743	0.942	0.7479	0.4423	0.4825	0.8149	0.3787	0.6185	0.7833	0.898	0.7129	1.2413		
		
1:00	24.50	0.7566	1.0066	0.345	0.3877	0.3787	0.3386	0.3788	0.3564	0.2604	0.3814	0.5007	0.958		
		0.8452	0.3292	0.3345	0.47	0.2604	0.2946	0.308	0.3145	0.3359	0.375	0.2919	0.2875		
		0.5217	0.3142	0.4476	0.5133	0.5149	0.2935	0.2755	0.3344	0.3812	0.3765	0.3769	0.3144		
		0.748	0.3653	0.3511	0.5064	0.5104	0.2988	0.3236	0.4219	0.4869	0.4056	0.5266	0.3949		
		0.8806	0.3775	0.38	0.4526	0.5719	0.3077	0.5299	0.5852	0.6766	0.5476	0.3863	0.4302		
		0.5859	0.3234	0.4467	0.3349	0.4188	0.4807	0.4274	0.4407	0.4663	0.5553	0.6613	0.3737		
		0.5225	0.5461	0.3988	0.8105	0.621	0.3594	0.5497	0.63	0.5846	0.695	0.7031	0.9211		
		0.5996	0.3707	0.3062	0.4642	0.3154	0.3148	0.5209	0.6001	0.4841	0.4126	0.3582	0.9052		
		
1:20	24.60	1.1967	0.7941	0.3493	0.3004	0.3041	0.2451	0.2585	0.3197	0.2389	0.2703	0.4233	0.6629		
		0.8892	0.2676	0.2631	0.4828	0.2607	0.2223	0.2393	0.2212	0.205	0.2822	0.26	0.3906		
		0.8445	0.2646	0.5255	0.4532	0.4713	0.2432	0.2468	0.2737	0.2449	0.275	0.2858	0.3609		
		1.3905	0.2887	0.2767	0.5273	0.427	0.3762	0.272	0.56	0.3502	0.3182	0.4109	0.426		
		0.5369	0.3356	0.2755	0.3436	0.3918	0.2604	0.4198	0.4798	0.5059	0.4517	0.2804	0.4279		
		0.5877	0.2831	0.295	0.3082	0.4134	0.2826	0.4246	0.4357	0.3151	0.434	0.5855	0.3244		
		0.4547	0.323	0.3341	0.3524	0.5756	0.2847	0.4445	0.5545	0.4608	0.6149	0.5227	0.8049		
		1.0293	0.4094	0.2696	0.2925	0.3028	0.3544	0.3909	0.5586	0.4178	0.4462	0.3819	0.6454		
		
1:40	24.60	1.2186	1.0204	0.432	0.4617	0.3662	0.3533	0.3564	0.4242	0.4405	0.3993	0.3876	0.7198		
		1.1375	0.414	0.4211	0.7491	0.5332	0.3273	0.3366	0.3671	0.3727	0.3599	0.3297	0.8189		
		1.2558	0.3983	0.688	0.4867	0.4497	0.404	0.4081	0.4004	0.3514	0.3756	0.3577	0.8154		
		1.0566	0.4697	0.3738	0.6458	0.4836	0.5358	0.3794	0.5146	0.4574	0.451	0.4873	1.036		
		0.8419	0.5252	0.3962	0.5609	0.4754	0.4394	0.5384	0.6058	1.0457	0.5076	0.3678	0.5299		
		0.959	0.4529	0.4506	0.3229	0.5695	0.3737	0.4833	0.4856	0.4607	0.5966	0.525	0.7021		
		0.6578	0.4468	0.8142	0.5073	0.4235	0.3647	0.5418	0.7317	0.5446	0.68	0.708	0.7543		
		1.624	0.6362	0.4536	0.2768	0.3473	0.486	0.2948	0.525	0.5438	0.703	0.6026	0.7712		
		
2:00	24.70	1.1611	1.1938	0.5259	0.7802	0.5627	0.5705	0.6542	0.5201	0.4393	0.8493	0.864	1.7065		
		1.1462	0.6042	0.5837	0.8453	0.3818	0.4628	0.5111	0.61	0.6574	0.6401	0.4484	0.6441		
		0.8236	0.5254	0.5793	0.6851	0.5093	0.4698	0.4015	0.6252	0.6081	0.7069	0.5745	0.5447		
		1.4019	0.6884	0.5805	0.8612	0.672	0.6199	0.5541	0.6596	0.6962	0.6943	0.5741	0.656		
		0.9112	0.5833	0.5282	0.7495	0.6387	0.437	0.6495	0.6664	1.0516	0.7434	0.5167	0.7269		
		0.7417	0.5468	0.6239	0.6153	0.5039	0.4926	0.4952	0.4728	0.5138	0.845	0.698	0.5211		
		0.6855	0.6452	0.5284	0.6753	0.6512	0.7298	0.644	0.6066	0.703	0.7395	0.7902	1.0913		
		0.9351	0.6647	0.4647	0.5373	0.463	0.5294	0.5523	0.6757	0.6363	0.6237	0.7446	0.7708		
		
2:20	24.70	1.242	1.0961	0.5734	0.5143	0.4854	0.3376	0.3892	0.4294	0.3736	0.5231	0.7882	1.1242		
		1.0194	0.4445	0.4131	0.9583	0.3694	0.3054	0.3568	0.4053	0.4119	0.4438	0.3782	0.8202		
		0.9674	0.3819	0.535	0.4918	0.4827	0.3642	0.3074	0.4329	0.3809	0.4571	0.3919	0.4092		
		1.3318	0.5137	0.4341	0.8516	0.4394	0.3918	0.4057	0.5288	0.5316	0.5021	0.4567	0.7984		
		0.7123	0.4703	0.3456	0.4907	0.4256	0.3269	0.4179	0.5572	0.7832	0.6283	0.3492	0.4546		
		0.4502	0.5397	0.4341	0.454	0.4511	0.3632	0.4129	0.3669	0.3153	0.5821	0.6258	0.4477		
		0.4542	0.4083	0.4036	0.4837	0.49	0.5882	0.4973	0.5976	0.4569	0.6303	0.5908	0.741		
		0.8796	0.5708	0.3514	0.371	0.3801	0.4537	0.3658	0.5764	0.5239	0.5066	0.6359	0.5976		
		
2:40	24.80	1.3554	1.2509	0.6975	0.757	0.6601	0.4991	0.5925	0.7491	0.676	0.7079	0.8282	1.2852		
		1.3731	0.7648	0.7976	1.0584	0.8089	0.5242	0.6052	0.7254	0.6909	0.6617	0.6618	1.5081		
		1.4393	0.7411	0.8445	0.8501	0.6396	0.8337	0.6495	0.7779	0.6302	0.7224	0.568	0.8256		
		1.3945	0.9675	0.6144	1.1808	0.6925	0.7569	0.5872	0.8484	0.7536	0.7913	0.5954	0.9391		
		1.0159	0.935	0.6006	0.8135	0.6977	0.5635	0.6223	0.84	0.8241	0.7277	0.5195	0.748		
		0.7276	0.8348	0.6935	0.4394	0.6713	0.759	0.524	0.63	0.5319	0.78	0.6307	0.9844		
		0.7569	0.7006	0.9048	0.7515	0.5989	0.6165	0.6593	0.79	0.6819	0.7967	0.7454	0.9342		
		1.2418	0.8505	0.7744	0.6525	0.6186	0.7629	0.5957	0.6193	0.7576	0.978	1.0744	0.849		
		
~End
