##BLOCKS= 1          
Plate:	Plate#1	1.3	PlateFormat	Well Scan	Absorbance	Raw	FALSE	9	Fill	3				1	600	1	12	96	1	8	None	
	Temperature(¡C)	1	2	3	4	5	6	7	8	9	10	11	12		
0:00	22.60	1.229	1.1743	1.0573	1.2208	1.3768	1.1284	1.4628	1.5506	1.0305	1.4355	1.3843	1.3088		
		0.9751	1.0924	1.1225	1.3288	1.023	1.2289	1.2252	1.2598	1.3465	1.3966	1.3093	1.4473		
		1.0864	1.2964	1.325	1.3135	1.2346	1.365	1.2533	0.8383	1.3709	1.0986	1.2468	1.3169		
		1.4415	1.3811	1.1358	1.2606	1.2488	0.9463	1.311	1.2077	1.2534	1.3321	1.3078	1.2676		
		1.3092	1.3159	1.2464	1.1687	1.3388	1.3791	1.3734	1.04	1.5295	1.19	1.3391	1.665		
		1.2516	1.1301	1.3442	1.2784	1.4039	1.179	1.2613	1.4571	1.4681	1.6116	1.4936	1.4188		
		1.2552	1.3397	1.4016	1.3261	1.3508	1.3427	1.5923	1.7094	1.4474	1.4048	1.5715	1.3757		
		1.2389	1.5321	1.2082	1.442	1.3358	1.3002	1.496	1.3264	1.4488	1.6611	1.4329	1.3181		
		
0:20	22.70	0.7981	0.7112	0.8154	1.1108	1.0522	0.7082	1.3965	1.3204	0.6555	1.3468	1.2454	0.8944		
		0.697	0.7328	0.6144	0.8617	0.7263	0.6454	0.8584	1.0264	1.1305	0.9158	1.0641	1.2089		
		0.7175	1.1424	0.7332	0.5909	0.904	1.1499	0.9472	0.6558	0.9989	0.8108	0.9212	0.6778		
		1.0869	0.88	0.6087	0.7884	0.6945	0.5788	1.046	1.0306	0.7914	0.942	1.1337	0.8002		
		0.9155	0.9279	0.8515	0.879	0.8269	0.6671	0.9166	0.4345	1.0413	0.8059	0.9973	1.5451		
		0.9283	0.6981	0.8108	0.655	1.0926	0.6457	0.8023	0.8029	1.0121	1.1461	1.1334	0.9732		
		1.1733	1.1873	0.8183	1.1597	0.9543	1.0313	1.1572	1.2101	1.2164	1.0436	1.3115	1.2962		
		0.9945	1.1521	1.1116	1.1353	1.1715	1.2412	1.351	1.3335	1.3771	1.5017	1.1297	1.2462		
		
0:40	22.70	0.7715	0.5599	0.943	1.023	0.7523	0.6055	1.3673	1.349	0.7079	1.3079	1.2098	0.6532		
		0.9223	0.838	0.7107	0.8532	0.7137	0.783	0.9432	0.9362	0.9456	0.6337	0.9486	1.216		
		0.8249	0.9505	0.7056	0.356	0.8141	1.0118	0.9215	0.6807	1.2891	0.8625	0.7609	0.7678		
		0.7649	1.0306	0.9239	0.5697	0.4642	0.6289	1.034	0.6713	0.8208	1.009	0.927	0.7242		
		0.8369	0.9476	0.7514	0.8136	0.7918	0.3873	0.644	0.6087	0.6851	0.7802	0.8979	1.5128		
		0.9521	0.8747	0.8687	0.885	0.6699	0.652	0.9236	0.5424	0.7782	0.933	0.7733	0.664		
		1.203	1.4419	0.8025	1.1257	0.7058	0.9239	1.1251	1.271	1.256	1.1313	1.03	0.9177		
		0.8274	0.8402	0.9837	0.6203	1.226	1.1185	1.5556	1.4143	1.1916	1.572	0.9181	1.0342		
		
1:00	22.70	1.2251	1.1915	1.2789	1.1865	1.2972	1.2307	1.4784	1.5792	1.2419	1.4611	1.5341	1.4055		
		0.9413	1.2094	1.0542	1.3234	1.1942	1.3238	1.1689	1.1761	1.4065	1.3648	1.2992	1.262		
		1.0262	1.2179	1.1307	1.2225	1.1279	1.4881	1.1054	0.9182	1.2036	0.995	1.2132	1.2273		
		1.347	1.2194	0.9942	1.2128	1.0935	0.8605	1.1516	1.1174	1.3339	1.2478	1.2376	1.3371		
		1.234	1.2415	1.1468	1.1027	1.2005	1.2315	1.2108	0.8656	1.3518	0.9761	1.5611	1.6682		
		1.1733	1.1177	1.1673	1.1053	1.3313	1.0047	1.1799	1.2284	1.3316	1.4802	1.4654	1.3846		
		1.1598	1.3337	1.3822	1.3298	1.3007	1.3536	1.4219	1.6623	1.2824	1.4446	1.4984	1.393		
		1.2701	1.5205	1.2698	1.4605	1.2946	1.4229	1.2984	1.1968	1.3366	1.6055	1.358	1.275		
		
1:20	22.80	0.9225	0.7441	0.9458	1.0778	0.7929	0.6016	1.4449	1.4178	0.6905	1.3668	1.2976	0.7766		
		0.6865	1.1883	0.4815	0.582	0.7842	0.9852	0.9189	1.0149	1.0946	0.8002	0.977	1.1905		
		0.7072	1.0491	0.6886	0.4094	0.7769	1.0483	0.6677	0.699	1.0566	0.8701	0.8063	0.7975		
		0.6461	0.6039	0.5772	0.834	0.437	0.5469	1.1396	0.9055	1.0173	0.7039	1.178	0.6747		
		0.7644	0.7842	0.7303	0.8055	0.4992	0.442	0.4643	0.419	0.5454	0.6148	1.0372	1.4866		
		0.8424	0.5827	0.6998	0.5561	0.6357	0.497	0.5641	0.6526	0.5478	0.8935	0.8177	0.8873		
		0.857	1.1293	0.5979	1.1387	0.4261	0.7736	0.8114	1.0264	0.9972	1.0982	1.0946	0.8786		
		0.8798	0.5851	1.0665	0.9135	1.1245	1.2278	1.0825	1.191	1.097	1.3066	0.9378	0.9156		
		
1:40	22.80	0.8129	0.7812	0.8144	1.1464	0.5224	0.6837	1.44	1.4702	0.9261	1.3748	1.1161	0.6935		
		0.8729	1.2488	0.6175	0.6794	0.8132	0.7929	0.7729	0.9635	0.9923	0.8192	0.8381	1.2483		
		0.7556	1.1142	0.5852	0.2698	0.6892	1.0673	1.0044	0.6938	1.1194	0.829	0.8038	0.5392		
		0.4998	0.8723	0.7932	0.6166	0.5079	0.6148	1.4613	0.5723	0.9997	0.9504	0.9156	0.5604		
		0.8426	0.814	0.6815	0.7305	0.5263	0.3803	0.4695	0.414	0.4635	0.6736	0.9205	1.4581		
		0.8234	0.6677	0.7257	0.839	0.3935	0.3285	0.6217	0.3971	0.4706	0.9295	0.4411	0.5331		
		0.9141	1.2397	0.4641	1.0803	0.5171	1.0298	0.8088	0.925	1.0837	1.0493	0.9524	0.7022		
		0.8412	0.6016	0.625	0.4881	0.933	1.3648	1.2632	1.0585	0.8555	1.3359	0.8458	0.7861		
		
2:00	22.90	1.3275	1.1495	1.2826	1.1882	1.2021	1.233	1.3843	1.3467	1.3634	1.5153	1.549	1.4518		
		1.1876	1.4982	1.3102	1.2924	1.3261	1.5123	1.2511	1.394	1.5022	1.4683	1.3123	1.5049		
		1.3356	1.4963	1.3123	1.1743	1.2756	1.3722	1.2427	1.267	1.4246	1.3156	1.4524	1.4434		
		1.5288	1.3032	1.2137	1.2789	1.2268	1.0938	1.2422	1.1785	1.4183	1.5363	1.407	1.3219		
		1.4518	1.4405	1.2753	1.2505	1.3296	1.4387	1.195	1.1512	1.3918	1.3362	1.6159	1.5943		
		1.2556	1.1999	1.3676	1.2722	1.3887	1.2581	1.2967	1.3366	1.4496	1.4576	1.4806	1.3814		
		1.3424	1.4512	1.5728	1.3762	1.3152	1.4273	1.5327	1.652	1.4371	1.5625	1.5292	1.4142		
		1.2024	1.349	1.1762	1.3275	1.2732	1.4167	1.2245	1.3041	1.4182	1.4491	1.2588	1.2203		
		
2:20	22.90	1.2065	1.0185	1.2184	1.2997	0.9775	1.0779	1.5512	1.5094	1.2081	1.458	1.2688	1.1828		
		0.9668	1.4569	1.0056	0.8032	1.2106	1.1952	1.069	1.2282	1.4247	1.1201	1.2209	1.36		
		0.916	1.4034	0.8947	0.7865	1.2595	1.2717	1.0174	0.9176	1.1274	1.0786	1.0094	1.0335		
		1.0465	0.9212	0.8618	1.0663	0.6055	0.8356	1.0649	1.1598	1.6032	1.1585	1.4248	1.0105		
		1.0119	1.0275	0.8482	1.102	0.8152	0.6995	0.7569	0.6551	0.7728	1.1301	1.5036	1.5873		
		1.0042	0.8652	1.081	1.0636	0.7394	0.8146	0.7489	0.8417	0.882	1.1098	0.952	0.8642		
		0.9564	1.1402	0.8405	1.272	0.6408	1.0324	0.9964	1.2378	1.0479	1.2724	1.1466	0.9517		
		0.9073	0.8098	0.8382	1.0623	1.0767	1.407	1.1099	1.1168	0.9675	1.1128	0.9047	0.875		
		
2:40	22.90	1.0339	0.9261	1.1149	1.3736	0.8689	1.0455	1.5234	1.6624	1.2649	1.4915	1.207	1.1618		
		1.1967	1.4055	0.8537	0.5895	1.06	1.0448	1.0394	1.2799	1.1415	0.9009	1.026	1.276		
		0.8404	1.0507	0.8768	0.5365	0.8928	1.1783	1.0248	0.8678	1.2227	0.9033	0.9984	0.8003		
		0.9372	0.9175	0.8844	0.837	0.4149	0.8224	1.3326	0.8813	1.6291	1.0754	1.2383	0.6812		
		0.9629	1.1415	0.8201	1.1342	0.6663	0.4965	0.5529	0.6837	0.4531	0.9915	1.1257	1.3912		
		0.7766	1.0012	1.0579	0.8874	0.4765	0.5633	0.692	0.6417	0.5414	1.1137	0.5482	0.7244		
		1.0082	1.3313	0.5332	1.2294	0.6318	1.0703	0.9213	1.0617	0.9387	0.9687	1.0515	0.5974		
		0.9633	0.53	0.6305	0.6613	0.9872	1.5084	1.3696	1.1805	0.9584	1.3232	1.0625	0.6894		
		
~End
